SceneName,CollisionDetection_min,CollisionDetection_max,CollisionDetection_mean,CollisionDetection_std,CollisionDetection_quartile1,CollisionDetection_quartile2,CollisionDetection_quartile3,CollisionDetection_cardinality,ODESolve_min,ODESolve_max,ODESolve_mean,ODESolve_std,ODESolve_quartile1,ODESolve_quartile2,ODESolve_quartile3,ODESolve_cardinality,ComputeForce_min,ComputeForce_max,ComputeForce_mean,ComputeForce_std,ComputeForce_quartile1,ComputeForce_quartile2,ComputeForce_quartile3,ComputeForce_cardinality,ComputeRHTerm_min,ComputeRHTerm_max,ComputeRHTerm_mean,ComputeRHTerm_std,ComputeRHTerm_quartile1,ComputeRHTerm_quartile2,ComputeRHTerm_quartile3,ComputeRHTerm_cardinality,setSystemMBKMatrix_min,setSystemMBKMatrix_max,setSystemMBKMatrix_mean,setSystemMBKMatrix_std,setSystemMBKMatrix_quartile1,setSystemMBKMatrix_quartile2,setSystemMBKMatrix_quartile3,setSystemMBKMatrix_cardinality,MBKSolve_min,MBKSolve_max,MBKSolve_mean,MBKSolve_std,MBKSolve_quartile1,MBKSolve_quartile2,MBKSolve_quartile3,MBKSolve_cardinality,ProjectAndMechaMap_min,ProjectAndMechaMap_max,ProjectAndMechaMap_mean,ProjectAndMechaMap_std,ProjectAndMechaMap_quartile1,ProjectAndMechaMap_quartile2,ProjectAndMechaMap_quartile3,ProjectAndMechaMap_cardinality,UpdateBBox_min,UpdateBBox_max,UpdateBBox_mean,UpdateBBox_std,UpdateBBox_quartile1,UpdateBBox_quartile2,UpdateBBox_quartile3,UpdateBBox_cardinality,TimeStep_min,TimeStep_max,TimeStep_mean,TimeStep_std,TimeStep_quartile1,TimeStep_quartile2,TimeStep_quartile3,TimeStep_cardinality,SolveConstraint_min,SolveConstraint_max,SolveConstraint_mean,SolveConstraint_std,SolveConstraint_quartile1,SolveConstraint_quartile2,SolveConstraint_quartile3,SolveConstraint_cardinality,PrepareState_min,PrepareState_max,PrepareState_mean,PrepareState_std,PrepareState_quartile1,PrepareState_quartile2,PrepareState_quartile3,PrepareState_cardinality,BuildSystem_min,BuildSystem_max,BuildSystem_mean,BuildSystem_std,BuildSystem_quartile1,BuildSystem_quartile2,BuildSystem_quartile3,BuildSystem_cardinality,SolveSystem_min,SolveSystem_max,SolveSystem_mean,SolveSystem_std,SolveSystem_quartile1,SolveSystem_quartile2,SolveSystem_quartile3,SolveSystem_cardinality,ApplyCorrection_min,ApplyCorrection_max,ApplyCorrection_mean,ApplyCorrection_std,ApplyCorrection_quartile1,ApplyCorrection_quartile2,ApplyCorrection_quartile3,ApplyCorrection_cardinality,CPUUsage_min,CPUUsage_max,CPUUsage_mean,CPUUsage_std,CPUUsage_quartile1,CPUUsage_quartile2,CPUUsage_quartile3,CPUUsage_cardinality
fallingBeamLagrangianCollision,0.335225,0.463002,0.3570462235294118,0.01752708241195678,0.345873,0.350621,0.3596795,255,11.490298,13.595767,12.004310988235295,0.24835672656320001,11.867761,12.043113,12.133968,255,0.283834,0.367221,0.29603618823529415,0.014030087544758481,0.28709,0.288831,0.2982295,255,0.135943,0.205767,0.14319025490196077,0.01229120042900633,0.1378425,0.138547,0.1405475,255,3.593014,3.94868,3.703183274509804,0.06049612095880115,3.658884,3.700783,3.7319125,255,3.593014,3.94868,3.703183274509804,0.06049612095880115,3.658884,3.700783,3.7319125,255,0.022748,0.039075,0.024391223529411764,0.0014382467434806315,0.023841,0.02419,0.024525,255,0.052758,0.103716,0.055675603921568624,0.004878195492869396,0.0540605,0.054599,0.055329,255,39.839461,55.22726,47.682052592156865,2.8070595000821257,47.32432,47.615365,47.938363,255,27.156568,42.188471,35.14712637254902,2.8268352674936055,35.010506,35.130637,35.3550615,255,0.020777,0.047444,0.022638376470588233,0.003183775689124793,0.021629,0.02203,0.0225285,255,21.774603,28.540831,22.56108788627451,1.9368964758199698,21.8524235,21.887004,21.9353975,255,4.894918,13.786747,12.138459705882354,1.793773946955108,12.7169155,12.790044,12.995664,255,0.401948,0.50317,0.42214707058823525,0.018814957160928278,0.4091085,0.413805,0.4342125,255,0.0,1.2,0.24,0.48000000000000004,0.0,0.0,0.0,5
SofaScene,8.995572,14.143642,9.39192149059829,0.3683578508804473,9.139777,9.311353,9.5515965,1755,8.693601,13.818393,9.08101643019943,0.3618186561256023,8.8368295,9.004822,9.2301425,1755,0.00487,0.598269,0.17650372735042735,0.17142004689304544,0.03082025,0.1260495,0.2827095,10530,0.006226,0.324325,0.0809469918328585,0.07900597237009303,0.01415675,0.0587985,0.122102,10530,0.034735,5.621975,1.1710987341880341,1.2075876462787354,0.08724375,0.8926715,1.74222775,10530,0.034735,5.621975,1.1710987341880341,1.2075876462787354,0.08724375,0.8926715,1.74222775,10530,0.097027,0.194521,0.1127802678062678,0.012710997444731108,0.103709,0.107326,0.120291,1755,0.132036,0.251544,0.14531538176638176,0.011810787270010639,0.137957,0.140819,0.148218,1755,24.125606,41.702703,30.985177193162393,3.7120404692490845,28.5566715,30.487605,32.72928,1755,14.523102,31.511009,21.07410443361823,3.6769036097642274,18.680709,20.563171,22.9081545,1755,0.071772,0.153116,0.08343673732193732,0.0092080268898665,0.078798,0.081157,0.085147,1755,13.775216,30.68576,20.23810806096866,3.587826437731436,17.894535,19.720391,22.067359,1755,0.101107,0.681372,0.2568820113960114,0.1029871941062366,0.1988705,0.233891,0.2835795,1755,0.434858,0.664806,0.4934401578347578,0.03028004658435298,0.4729865,0.487659,0.509244,1755,0.0,1.2,0.72,0.5878775382679627,0.0,1.2,1.2,5
BilateralLagrangianConstraint_NNCG,0.044657,1.727043,0.108711752,0.12137703951259685,0.05448475,0.094155,0.12527275,1000,0.128311,0.27332,0.146800085,0.018805904122954978,0.13308225,0.1379015,0.15937075,1000,0.001897,0.020743,0.0026824740000000002,0.0012466450450404878,0.002108,0.0023015,0.003004,4000,0.004041,0.02624,0.00526116,0.0016623859969634007,0.004373,0.004651,0.00581825,4000,0.00034,0.026825,0.000742336,0.0009195813586105364,0.000448,0.000498,0.00092725,4000,0.00034,0.026825,0.000742336,0.0009195813586105364,0.000448,0.000498,0.00092725,4000,0.020032,0.063812,0.023474879,0.0045347747170459305,0.0208485,0.021354,0.02520725,1000,0.027657,0.191211,0.030541483,0.006725502547892686,0.0282405,0.028724,0.0315095,1000,0.423329,2.351629,0.530416075,0.15048292549370965,0.4587705,0.490439,0.583459,1000,0.085455,0.201642,0.10112948399999999,0.015971765416375988,0.0885815,0.093088,0.1115995,1000,0.024901,0.069989,0.029500019,0.005486498828272817,0.0262955,0.026979,0.03166825,1000,0.037919,0.103551,0.044943860999999995,0.008687125148153386,0.03882525,0.041209,0.05012275,1000,0.00528,0.032162,0.006624382,0.0023895357938469976,0.00547275,0.0056255,0.00699425,1000,0.015923,0.048444,0.019500901,0.004071400473694402,0.01679875,0.01757,0.02084575,1000,0.0,1.2,0.24,0.48,0.0,0.0,0.0,5
BilateralLagrangianConstraint_PGS,0.04547,1.71786,0.108184112,0.11803826354403667,0.0531795,0.0945185,0.1255475,1000,0.127129,0.27656,0.145082598,0.01768406429185316,0.13114375,0.137848,0.15641775,1000,0.001879,0.021043,0.002577967,0.0010904849033393355,0.002057,0.002176,0.00298,4000,0.003978,0.026909,0.0052963689999999996,0.0018911073290109684,0.004318,0.00449,0.00578825,4000,0.000339,0.014543,0.00072010025,0.0007787475506863166,0.000438,0.00049,0.00088225,4000,0.000339,0.014543,0.00072010025,0.0007787475506863166,0.000438,0.00049,0.00088225,4000,0.020049,0.057965,0.023044986,0.0039007419873408698,0.0206085,0.021016,0.02489525,1000,0.027638,0.066483,0.030511996,0.004183040412186332,0.02831375,0.0287715,0.0317245,1000,0.421568,2.419247,0.528307045,0.14747258352182951,0.45302475,0.490372,0.58327525,1000,0.085665,0.201921,0.10124158500000001,0.01665312240514598,0.0886,0.0930115,0.1117605,1000,0.025132,0.089675,0.029719991,0.006607727899128338,0.026028,0.0267505,0.03189525,1000,0.03793,0.09307,0.04498797,0.008739950110904523,0.03886775,0.041862,0.04971425,1000,0.00528,0.021195,0.006647132,0.0016885821711056883,0.00556475,0.0059735,0.00709125,1000,0.016013,0.05986,0.019325709,0.003955864725482786,0.016788,0.017511,0.02083625,1000,0.0,1.2,0.48,0.5878775382679627,0.0,0.0,1.2,5
BilateralLagrangianConstraint_UGS,0.036659,1.701598,0.079461762,0.11693290339126688,0.05258975,0.066713,0.07914625,1000,0.126352,0.287739,0.13844220699999998,0.014146348442978173,0.1317965,0.1334605,0.137247,1000,0.00186,0.027122,0.00242378325,0.0011244171220100828,0.002026,0.002088,0.00283625,4000,0.003938,0.025257,0.0049277185,0.001565122142600299,0.004308,0.004411,0.005652,4000,0.000358,0.022293,0.000762012,0.0009082066994115382,0.000475,0.00053,0.00097,4000,0.000358,0.022293,0.000762012,0.0009082066994115382,0.000475,0.00053,0.00097,4000,0.020046,0.056286,0.021467464,0.0034583315452258187,0.02050075,0.0206715,0.0209755,1000,0.027671,0.07174,0.029491846000000002,0.0048088767930031225,0.028189,0.028378,0.02858925,1000,0.435485,2.349244,0.50258041,0.13967220714665426,0.459499,0.485551,0.5058055,1000,0.096741,0.226908,0.120868473,0.017406212756865606,0.1082825,0.118543,0.125261,1000,0.025037,0.063404,0.027302776999999997,0.004872215817189444,0.025769,0.026024,0.02634425,1000,0.042822,0.125015,0.046459667999999996,0.008428462009629989,0.043564,0.043929,0.04482525,1000,0.008701,0.08023,0.027998237000000002,0.010458302598836533,0.01937575,0.0290405,0.03356125,1000,0.01647,0.054889,0.018560291,0.004087779576288208,0.01698175,0.0171725,0.0177865,1000,0.0,1.2,0.24,0.48000000000000004,0.0,0.0,0.0,5
FrictionContact_LCP_with_friction,0.039965,1.488964,0.08446619400000001,0.09628575372695779,0.07534825,0.07643,0.079407,1000,0.039916,0.112346,0.052935823,0.008003862718317387,0.0508215,0.0512775,0.0521875,1000,0.002832,0.020549,0.00411421,0.0013995568119587,0.003937,0.004012,0.004081,1000,0.005697,0.025393,0.007707871,0.0019859754344802457,0.00742075,0.007509,0.00758825,1000,0.000709,0.009759,0.001048762,0.0005595312139246567,0.000956,0.000988,0.001018,1000,0.000709,0.009759,0.001048762,0.0005595312139246567,0.000956,0.000988,0.001018,1000,0.006045,0.06664,0.009499138999999998,0.0030067828241625632,0.009166,0.009278,0.009402,1000,0.011123,0.041314,0.014238268,0.0026208670756404265,0.013821,0.0139405,0.014064,1000,0.141922,1.715658,0.24364728400000002,0.10519345141715498,0.233016,0.236318,0.25140725,1000,0.01209,0.097266,0.037943224000000005,0.010564804714703627,0.03813325,0.038566,0.0411965,1000,0.002062,0.018511,0.003079719,0.0009669598295891095,0.00296775,0.003041,0.003111,1000,0.006785,0.049935,0.01622825,0.004553462055348656,0.01596075,0.0160975,0.01629175,1000,0.001555,0.056684,0.016366837,0.0065062372084355325,0.01730775,0.0175435,0.01775825,1000,0.000972,0.012,0.001464884,0.0009156988918547406,0.001298,0.0013415,0.00139325,1000,0.0,1.2,0.24,0.48,0.0,0.0,0.0,5
FrictionContact_LCP_without_friction,0.032007,1.50489,0.09903958500000001,0.09944587294464652,0.07563425,0.103696,0.10518175,1000,0.04057,0.131146,0.053867328,0.00903942266034817,0.05133075,0.0518745,0.05299525,1000,0.002886,0.020673,0.00415036,0.0011179336001748941,0.0040295,0.004115,0.00419725,1000,0.005829,0.031094,0.00776975,0.0020440048315745244,0.00747275,0.007571,0.007675,1000,0.00073,0.007575,0.001024952,0.0004044692024073032,0.000948,0.000983,0.001012,1000,0.00073,0.007575,0.001024952,0.0004044692024073032,0.000948,0.000983,0.001012,1000,0.006044,0.053537,0.00952066,0.002821812083466934,0.009137,0.009315,0.009544,1000,0.011062,0.042325,0.014325875,0.0030668005395485046,0.01378425,0.0139305,0.014109,1000,0.142646,1.733401,0.249847565,0.10908728466798398,0.2226865,0.2527225,0.25896275,1000,0.012051,0.068555,0.028162672,0.007571046773096571,0.0251645,0.028799,0.03001525,1000,0.002017,0.017021,0.003074926,0.0009617352497044081,0.00293375,0.003006,0.00308725,1000,0.006694,0.046172,0.015131157,0.004446956470480793,0.01427875,0.0149495,0.015309,1000,0.001602,0.03096,0.007784963,0.0035544482764039483,0.00590825,0.008967,0.00931725,1000,0.000977,0.015648,0.001383356,0.0007626215924454276,0.00122,0.001287,0.00133825,1000,0.0,1.2,0.24,0.48000000000000004,0.0,0.0,0.0,5
FixedProjectiveConstraint,0.008528,0.12575,0.010277050999999999,0.008318829425249624,0.00885275,0.0089985,0.00936375,1000,1.093988,1.365201,1.136367683,0.027119199479603208,1.12306475,1.1326305,1.1417535,1000,0.066943,0.138577,0.069700361,0.007209601216203224,0.067365,0.067626,0.06797,1000,0.037043,0.072272,0.038754619,0.0046683743667189975,0.037466,0.037628,0.037838,1000,0.000633,0.011405,0.0008938139999999999,0.0006087976916874768,0.000735,0.000773,0.000822,1000,0.980672,1.20334,1.019304536,0.02398348819414524,1.00523425,1.017121,1.0254075,1000,0.002672,0.015786,0.0030163020000000002,0.0008270472808709306,0.002876,0.002923,0.002983,1000,0.008432,0.025631,0.009044375,0.0016434680685595933,0.008646,0.008739,0.00885,1000,1.127212,1.555814,1.173105761,0.03309619564118932,1.1576775,1.167629,1.17875175,1000,NaN,NaN,NaN,NaN,NaN,NaN,NaN,NaN,NaN,NaN,NaN,NaN,NaN,NaN,NaN,NaN,NaN,NaN,NaN,NaN,NaN,NaN,NaN,NaN,NaN,NaN,NaN,NaN,NaN,NaN,NaN,NaN,NaN,NaN,NaN,NaN,NaN,NaN,NaN,NaN,0.0,1.2,0.24,0.48000000000000004,0.0,0.0,0.0,5
FEMBAR_EigenSimplicialLDLT,0.000286,0.009289,0.000359714,0.0002971141703184148,0.00032,0.000336,0.000362,1000,2.510669,5.147033,2.6058914389999996,0.20278838822818795,2.554511,2.5801685,2.61088125,1000,0.051676,0.126346,0.055313653,0.006831420749638467,0.05233475,0.053034,0.05501325,1000,0.043893,0.08754,0.046733757,0.005877129838956343,0.04433675,0.0445105,0.0472635,1000,0.689677,2.2075,0.7220462639999999,0.10461873038581716,0.6967745,0.7132065,0.72694275,1000,1.71067,2.816399,1.774253979,0.1138519755844955,1.73812275,1.7570005,1.779949,1000,0.001166,0.018873,0.00136711,0.0006977350083663569,0.001284,0.001315,0.001352,1000,0.005833,0.01971,0.006519593,0.0011608720796672644,0.006182,0.006325,0.00651825,1000,2.527358,5.208834,2.624029432,0.2053246079967459,2.572396,2.597421,2.6290455,1000,NaN,NaN,NaN,NaN,NaN,NaN,NaN,NaN,NaN,NaN,NaN,NaN,NaN,NaN,NaN,NaN,NaN,NaN,NaN,NaN,NaN,NaN,NaN,NaN,NaN,NaN,NaN,NaN,NaN,NaN,NaN,NaN,NaN,NaN,NaN,NaN,NaN,NaN,NaN,NaN,0.0,1.2,0.24,0.48000000000000004,0.0,0.0,0.0,5
FEMBAR_EigenSimplicialLLT,0.000279,0.011224,0.000355278,0.00044765166895254616,0.000314,0.000327,0.000341,1000,2.611422,5.07681,2.691683854,0.18775261158990222,2.63787325,2.6718515,2.6933475,1000,0.050981,0.108637,0.053463435,0.0052731318746808324,0.05205,0.052278,0.0526475,1000,0.042777,0.087817,0.045354836,0.004843988453238096,0.044251,0.0444175,0.044634,1000,0.689553,2.013141,0.714868363,0.09013184670618501,0.69537175,0.698895,0.72342275,1000,1.811502,2.925664,1.870303939,0.11287565481949277,1.833458,1.8509845,1.876687,1000,0.001224,0.030637,0.001455645,0.0011396627408909181,0.001311,0.00135,0.00141925,1000,0.005943,0.026172,0.006587876,0.0011854164047388578,0.006259,0.0063935,0.00660175,1000,2.627691,5.127628,2.710009533,0.19029542570382219,2.656165,2.6902445,2.71130825,1000,NaN,NaN,NaN,NaN,NaN,NaN,NaN,NaN,NaN,NaN,NaN,NaN,NaN,NaN,NaN,NaN,NaN,NaN,NaN,NaN,NaN,NaN,NaN,NaN,NaN,NaN,NaN,NaN,NaN,NaN,NaN,NaN,NaN,NaN,NaN,NaN,NaN,NaN,NaN,NaN,0.0,0.0,0.0,0.0,0.0,0.0,0.0,5
FEMBAR_EigenSparseLU,0.000301,0.000842,0.000387065,5.721664770851225e-05,0.000353,0.000373,0.00040625,1000,3.347723,6.06252,3.448030674,0.20901114655610528,3.38414875,3.419855,3.4574755,1000,0.052037,0.096259,0.05591996,0.005664919854366873,0.0537065,0.0544345,0.055517,1000,0.042988,0.099665,0.046168097,0.005060694327420991,0.0440585,0.045056,0.046243,1000,0.692723,1.999197,0.719963946,0.08988873468798571,0.7007535,0.7047185,0.72670625,1000,2.539492,3.967345,2.616319591,0.1307635869102623,2.57013875,2.5945455,2.623851,1000,0.001323,0.004168,0.001594931,0.00020063573519939063,0.001482,0.001564,0.00165625,1000,0.006791,0.025742,0.007849223,0.0012603747693725861,0.0074355,0.007634,0.00790525,1000,3.366052,6.117342,3.469555775,0.21164442069887496,3.40549675,3.440403,3.478951,1000,NaN,NaN,NaN,NaN,NaN,NaN,NaN,NaN,NaN,NaN,NaN,NaN,NaN,NaN,NaN,NaN,NaN,NaN,NaN,NaN,NaN,NaN,NaN,NaN,NaN,NaN,NaN,NaN,NaN,NaN,NaN,NaN,NaN,NaN,NaN,NaN,NaN,NaN,NaN,NaN,0.0,2.4,0.96,0.8979977728257458,0.0,1.2,1.2,5
FEMBAR_EigenSparseQR,0.000306,0.003445,0.000427439,0.00011819846986742255,0.000386,0.000411,0.000444,1000,10.933497,14.653544,11.136722875,0.28766612114177675,10.99933525,11.064596,11.22080025,1000,0.054504,0.094904,0.057446843,0.004343719334205538,0.05570925,0.0563435,0.057433,1000,0.043727,0.089612,0.046424638,0.0038625717053481353,0.044886,0.04576,0.046466,1000,0.694188,2.032055,0.722552825,0.09182422705589398,0.700977,0.70426,0.72837025,1000,10.119817,12.470787,10.299899869,0.21002748401026433,10.18235325,10.23913,10.3850905,1000,0.001363,0.015559,0.001805129,0.0005948222376130535,0.001645,0.001747,0.00187225,1000,0.007201,0.027976,0.008639653,0.0016322250551290408,0.008113,0.0083925,0.008706,1000,10.955872,14.714172,11.160346385,0.29049692562970914,11.02297,11.089372,11.2436305,1000,NaN,NaN,NaN,NaN,NaN,NaN,NaN,NaN,NaN,NaN,NaN,NaN,NaN,NaN,NaN,NaN,NaN,NaN,NaN,NaN,NaN,NaN,NaN,NaN,NaN,NaN,NaN,NaN,NaN,NaN,NaN,NaN,NaN,NaN,NaN,NaN,NaN,NaN,NaN,NaN,0.0,1.2,0.24,0.48000000000000004,0.0,0.0,0.0,5
FEMBAR_PrecomputedLinearSolver,0.00028,0.001042,0.000489747,9.68449327068794e-05,0.000417,0.000482,0.000541,1000,0.73735,106.841154,1.3133940309999999,7.435203886296865,0.7600655,0.786083,0.80571325,1000,0.054154,0.111731,0.058042888,0.006575483750832025,0.05538375,0.056278,0.0573895,1000,0.043668,0.086229,0.046056733,0.005301618104664933,0.04419075,0.0444385,0.0455535,1000,0.000123,105.984605,0.527109603,7.430161930135303,0.00017575,0.000207,0.00024525,1000,0.632322,0.809468,0.673924396,0.031074838545086345,0.64066975,0.6750245,0.69561525,1000,0.001251,0.014224,0.0016849369999999998,0.0005903019947713204,0.001503,0.001615,0.0017395,1000,0.006446,0.038546,0.008333488,0.0019128555883432498,0.007618,0.008086,0.00859025,1000,0.756345,106.904917,1.335604073,7.438457261827966,0.78358275,0.807635,0.8274975,1000,NaN,NaN,NaN,NaN,NaN,NaN,NaN,NaN,NaN,NaN,NaN,NaN,NaN,NaN,NaN,NaN,NaN,NaN,NaN,NaN,NaN,NaN,NaN,NaN,NaN,NaN,NaN,NaN,NaN,NaN,NaN,NaN,NaN,NaN,NaN,NaN,NaN,NaN,NaN,NaN,0.0,1.2,0.72,0.5878775382679627,0.0,1.2,1.2,5
FEMBAR_SparseLDLSolver,0.000257,0.003064,0.00033888799999999997,0.00011624728580057257,0.000288,0.000304,0.00035325,1000,0.072092,4.583557,1.2725093415000002,1.2046719882754164,0.072386,1.260256,2.44526175,2000,0.051698,0.101356,0.054015536,0.004483630189556672,0.0522805,0.0529265,0.05403975,1000,0.043731,0.078223,0.045360869,0.0035529468484398977,0.044229,0.0444475,0.04506325,1000,0.686999,1.959172,0.7110565849999999,0.08740727001077643,0.694138,0.6977935,0.716002,1000,1.617088,2.540363,1.653824806,0.08248181809800488,1.62534325,1.634832,1.6592795,1000,0.001121,0.004815,0.001349182,0.00018451566566554724,0.00126875,0.0013255,0.001389,1000,0.005819,0.023352,0.006608666,0.0012503035009324736,0.006199,0.0064115,0.00665225,1000,2.431526,4.632731,2.49023744,0.16297150850353076,2.4457205,2.464393,2.494523,1000,NaN,NaN,NaN,NaN,NaN,NaN,NaN,NaN,NaN,NaN,NaN,NaN,NaN,NaN,NaN,NaN,NaN,NaN,NaN,NaN,NaN,NaN,NaN,NaN,NaN,NaN,NaN,NaN,NaN,NaN,NaN,NaN,NaN,NaN,NaN,NaN,NaN,NaN,NaN,NaN,0.0,1.2,0.24,0.48000000000000004,0.0,0.0,0.0,5
FEMBAR_MinResLinearSolver,0.000229,0.00104,0.00026981099999999995,5.272165853802401e-05,0.000249,0.00026,0.000276,1000,2.891385,3.903526,3.250917608,0.20162534870166085,3.0868,3.243491,3.38429475,1000,0.051081,0.108947,0.053791218,0.005694146840087283,0.05159175,0.051741,0.05293475,1000,0.043107,0.093689,0.045907396999999996,0.005600242783789913,0.04346875,0.043877,0.04676175,1000,0.000416,0.005436,0.0006615750000000001,0.00047667097706384433,0.000515,0.00056,0.00063125,1000,2.785202,3.757208,3.144052147,0.1993457755617244,2.981451,3.1373355,3.27403675,1000,0.001026,0.011543,0.0011617840000000001,0.00036390921579976514,0.001102,0.00113,0.001165,1000,0.005383,0.024582,0.005973132,0.001398509941536348,0.005636,0.0057355,0.00594025,1000,2.906086,3.947414,3.267227436,0.20231200165282312,3.10287475,3.2590615,3.4000705,1000,NaN,NaN,NaN,NaN,NaN,NaN,NaN,NaN,NaN,NaN,NaN,NaN,NaN,NaN,NaN,NaN,NaN,NaN,NaN,NaN,NaN,NaN,NaN,NaN,NaN,NaN,NaN,NaN,NaN,NaN,NaN,NaN,NaN,NaN,NaN,NaN,NaN,NaN,NaN,NaN,0.0,0.0,0.0,0.0,0.0,0.0,0.0,5
FEMBAR_ShewchukPCGLinearSolver,0.000233,0.000946,0.00026616199999999996,4.066160050957168e-05,0.000255,0.000261,0.000271,1000,0.425113,0.97636,0.614214287,0.08806838580313955,0.5626895,0.610981,0.658569,1000,0.050298,0.10902,0.054532214999999995,0.006237932194307261,0.051544,0.0518305,0.055702,1000,0.043026,0.107359,0.0459016,0.0060615081641452895,0.043391,0.043535,0.046126,1000,0.000328,0.009144,0.000459745,0.0003222614621312949,0.000398,0.000427,0.00047025,1000,0.323955,0.803783,0.507178337,0.08566621092779482,0.4609575,0.5063185,0.5546965,1000,0.001016,0.010623,0.001159865,0.00032878880877396056,0.001102,0.001126,0.001164,1000,0.005284,0.027171,0.005730599,0.001352852391873925,0.00546875,0.0055415,0.005636,1000,0.439893,1.032823,0.6301667759999999,0.08900553900137803,0.578091,0.626525,0.67432775,1000,NaN,NaN,NaN,NaN,NaN,NaN,NaN,NaN,NaN,NaN,NaN,NaN,NaN,NaN,NaN,NaN,NaN,NaN,NaN,NaN,NaN,NaN,NaN,NaN,NaN,NaN,NaN,NaN,NaN,NaN,NaN,NaN,NaN,NaN,NaN,NaN,NaN,NaN,NaN,NaN,0.0,0.0,0.0,0.0,0.0,0.0,0.0,5
FEMBAR_CGLinearSolver,0.000236,0.000901,0.000282784,4.8367192848045265e-05,0.000264,0.000277,0.000291,1000,2.935024,3.845833,3.366371171,0.17929472599330903,3.231819,3.3834325,3.48580375,1000,0.051235,0.102143,0.053473733999999995,0.00490767386174387,0.05144375,0.051883,0.054342,1000,0.042683,0.078012,0.044552968,0.00422736268032162,0.043271,0.043535,0.043926,1000,0.00048,0.005609,0.0007320069999999999,0.00054169587865425,0.00057675,0.000614,0.0006725,1000,2.833997,3.715321,3.261219044,0.17987970172075576,3.123427,3.279374,3.38216225,1000,0.001015,0.013429,0.001225501,0.0005919431847728294,0.001123,0.001161,0.001241,1000,0.005335,0.018717,0.005838973,0.0009179855839124054,0.00558275,0.0057055,0.005866,1000,2.952124,3.861096,3.382714937,0.17904973151752288,3.24682775,3.400178,3.50248675,1000,NaN,NaN,NaN,NaN,NaN,NaN,NaN,NaN,NaN,NaN,NaN,NaN,NaN,NaN,NaN,NaN,NaN,NaN,NaN,NaN,NaN,NaN,NaN,NaN,NaN,NaN,NaN,NaN,NaN,NaN,NaN,NaN,NaN,NaN,NaN,NaN,NaN,NaN,NaN,NaN,0.0,1.2,0.48,0.5878775382679627,0.0,0.0,1.2,5
FEMBAR_CGLinearSolver_assembled,0.000255,0.009734,0.000308872,0.0003007851552454011,0.000284,0.000295,0.000308,1000,2.018461,3.416229,2.2341627319999997,0.11852172882829619,2.16290025,2.2268895,2.2894045,1000,0.050629,0.095775,0.053186685,0.0049770796794681715,0.051549,0.0518315,0.05353025,1000,0.042321,0.080495,0.045324523,0.0048651216510454285,0.04371275,0.043976,0.0454845,1000,0.685264,1.960568,0.7115870280000001,0.08914529102658882,0.69094975,0.69613,0.71910925,1000,1.228328,1.636311,1.417164541,0.08449844907624234,1.346675,1.4208455,1.4780745,1000,0.001105,0.011375,0.001264366,0.0003756775053739577,0.00120175,0.001239,0.001275,1000,0.005443,0.027313,0.00603345,0.0016909594464386186,0.005698,0.005795,0.00590325,1000,2.033445,3.460033,2.251852148,0.11993482561383952,2.182004,2.243984,2.30660275,1000,NaN,NaN,NaN,NaN,NaN,NaN,NaN,NaN,NaN,NaN,NaN,NaN,NaN,NaN,NaN,NaN,NaN,NaN,NaN,NaN,NaN,NaN,NaN,NaN,NaN,NaN,NaN,NaN,NaN,NaN,NaN,NaN,NaN,NaN,NaN,NaN,NaN,NaN,NaN,NaN,0.0,1.2,0.24,0.48000000000000004,0.0,0.0,0.0,5
FEMBAR_PCG_BlockJacobiPreconditioner,0.00024,0.000926,0.00027860700000000005,4.373873055999682e-05,0.000263,0.000271,0.000282,1000,0.900566,1.755336,1.003757538,0.06463934045223974,0.972235,0.994908,1.02774375,1000,0.051678,0.105978,0.054389077,0.004812233703704653,0.051905,0.0521545,0.05579925,1000,0.043291,0.082751,0.045649925,0.003932204366430489,0.043914,0.044107,0.046457,1000,0.444704,0.642914,0.464577898,0.019934044522815636,0.45318825,0.45717,0.4682805,1000,0.354319,0.945548,0.432352332,0.051101425894526424,0.41573975,0.420057,0.44032875,1000,0.001093,0.010041,0.001223698,0.00035154912998896755,0.001173,0.0011955,0.001222,1000,0.005367,0.020235,0.0057818999999999995,0.0010961603632680759,0.005523,0.0055905,0.00572125,1000,0.918961,1.800069,1.020657039,0.06634226214186158,0.9891155,1.011749,1.04410275,1000,NaN,NaN,NaN,NaN,NaN,NaN,NaN,NaN,NaN,NaN,NaN,NaN,NaN,NaN,NaN,NaN,NaN,NaN,NaN,NaN,NaN,NaN,NaN,NaN,NaN,NaN,NaN,NaN,NaN,NaN,NaN,NaN,NaN,NaN,NaN,NaN,NaN,NaN,NaN,NaN,0.0,1.2,0.24,0.48000000000000004,0.0,0.0,0.0,5
FEMBAR_PCG_JacobiPreconditioner,0.000244,0.001003,0.00028195900000000003,4.731538142084453e-05,0.000268,0.000276,0.000286,1000,0.80583,1.611312,0.911989909,0.06271967681093964,0.87549425,0.903891,0.93088,1000,0.050669,0.097757,0.05316521,0.005534567152533249,0.05170775,0.0519285,0.052077,1000,0.042076,0.101009,0.045078915000000004,0.005523828721075175,0.0434715,0.043839,0.0441175,1000,0.355998,0.549882,0.37734152600000004,0.021956511427349383,0.361433,0.3653885,0.38881975,1000,0.343726,0.937849,0.429437698,0.04848732797146896,0.406021,0.4124215,0.45063825,1000,0.001077,0.018236,0.00127329,0.0008043347983893274,0.001188,0.001212,0.00124125,1000,0.005299,0.025706,0.00588376,0.0014881040610118634,0.00557,0.005673,0.00580725,1000,0.821946,1.662926,0.929090024,0.06464202717733583,0.891908,0.92032,0.948406,1000,NaN,NaN,NaN,NaN,NaN,NaN,NaN,NaN,NaN,NaN,NaN,NaN,NaN,NaN,NaN,NaN,NaN,NaN,NaN,NaN,NaN,NaN,NaN,NaN,NaN,NaN,NaN,NaN,NaN,NaN,NaN,NaN,NaN,NaN,NaN,NaN,NaN,NaN,NaN,NaN,0.0,1.2,0.24,0.48000000000000004,0.0,0.0,0.0,5
FEMBAR_PCG_NoPreconditioner,0.000237,0.000977,0.000272382,4.4933685315139684e-05,0.000254,0.000266,0.000284,1000,0.424418,0.995408,0.6016627330000001,0.08191603761007799,0.56375375,0.604193,0.64778375,1000,0.051311,0.095814,0.053844626,0.005784345003552606,0.05160875,0.0525685,0.052799,1000,0.042828,0.103234,0.045007464,0.0059041465587080415,0.0432695,0.043465,0.04378025,1000,0.000311,0.013258,0.000505345,0.0007911895221595141,0.000394,0.000431,0.000474,1000,0.323718,0.821447,0.496214413,0.08029127874107143,0.4605725,0.4995915,0.54325325,1000,0.001013,0.021952,0.001228963,0.0010247033754365211,0.001088,0.001115,0.00115025,1000,0.005349,0.022853,0.005856149000000001,0.0014260936276412567,0.005532,0.005609,0.00571925,1000,0.441876,1.038871,0.61792372,0.08303809058223582,0.5787335,0.620253,0.663032,1000,NaN,NaN,NaN,NaN,NaN,NaN,NaN,NaN,NaN,NaN,NaN,NaN,NaN,NaN,NaN,NaN,NaN,NaN,NaN,NaN,NaN,NaN,NaN,NaN,NaN,NaN,NaN,NaN,NaN,NaN,NaN,NaN,NaN,NaN,NaN,NaN,NaN,NaN,NaN,NaN,0.0,1.2,0.24,0.48000000000000004,0.0,0.0,0.0,5
FEMBAR_PCG_PrecomputedWarpPreconditioner,0.000235,0.001102,0.000271601,4.434893233213174e-05,0.000257,0.000267,0.00028,1000,0.25678,0.46787,0.273948127,0.02097886787686292,0.25893975,0.2698465,0.283148,1000,0.107189,0.199765,0.113141235,0.010877624987274336,0.107552,0.108043,0.11107125,1000,0.05777,0.126045,0.062149171999999996,0.008448699878822541,0.058285,0.0587705,0.06245125,1000,0.00046,0.07385,0.001010721,0.0044629622666071235,0.000538,0.0005765,0.000625,1000,0.08531,0.196184,0.09113603599999999,0.010283281192727544,0.08608375,0.086578,0.090612,1000,0.001076,0.021073,0.001277605,0.0008758912175464484,0.001133,0.001155,0.001186,1000,0.005336,0.02384,0.006054154999999999,0.0018974314667399717,0.00557775,0.005667,0.0057675,1000,0.27157,0.521366,0.290747135,0.02265687448508234,0.27498,0.285229,0.30157425,1000,NaN,NaN,NaN,NaN,NaN,NaN,NaN,NaN,NaN,NaN,NaN,NaN,NaN,NaN,NaN,NaN,NaN,NaN,NaN,NaN,NaN,NaN,NaN,NaN,NaN,NaN,NaN,NaN,NaN,NaN,NaN,NaN,NaN,NaN,NaN,NaN,NaN,NaN,NaN,NaN,0.0,1.2,0.48,0.5878775382679627,0.0,0.0,1.2,5
FEMBAR_PCG_SSORPreconditioner,0.00027,0.010408,0.000322769,0.00032255644101304194,0.00029275,0.000306,0.000323,1000,3.976957,7.977136,4.130505459,0.27993573642814223,4.0523015,4.107219,4.16599425,1000,0.051446,0.095532,0.053844085,0.005458422962337657,0.051784,0.0521635,0.05376575,1000,0.043501,0.083955,0.045923722,0.005357581859450773,0.043846,0.044027,0.04701125,1000,3.493112,6.917928,3.579953373,0.23629104044418586,3.5198465,3.5609585,3.59320625,1000,0.373098,0.943516,0.44325963900000004,0.0684814755402998,0.37794375,0.47127,0.49014375,1000,0.001219,0.022235,0.001360849,0.0006719731781842189,0.001302,0.001326,0.001353,1000,0.006031,0.02082,0.006588806,0.0009237451804280225,0.00633975,0.0064895,0.00665675,1000,3.994018,8.026979,4.149176343,0.28206089796385697,4.0703275,4.126701,4.1837565,1000,NaN,NaN,NaN,NaN,NaN,NaN,NaN,NaN,NaN,NaN,NaN,NaN,NaN,NaN,NaN,NaN,NaN,NaN,NaN,NaN,NaN,NaN,NaN,NaN,NaN,NaN,NaN,NaN,NaN,NaN,NaN,NaN,NaN,NaN,NaN,NaN,NaN,NaN,NaN,NaN,0.0,1.2,0.48,0.5878775382679627,0.0,0.0,1.2,5
FEMBAR_PCG_WarpPreconditioner,0.000258,0.010634,0.000356853,0.00033138138057380354,0.0003,0.000338,0.000377,1000,0.096624,12.304604,1.4915786213333335,1.998155621390967,0.097202,0.097681,4.17130075,3000,0.051252,0.099973,0.053734983,0.005253294324013361,0.05219975,0.052395,0.052642,1000,0.042555,0.087663,0.045464444,0.0048889318331169235,0.04417975,0.0445265,0.0448165,1000,0.761302,2.208449,0.8185112219999999,0.09760213357776926,0.796384,0.8084245,0.82825325,1000,3.211273,9.931908,3.349597862,0.4957558697979692,3.2619345,3.285369,3.31556525,1000,0.001305,0.019021,0.00156708,0.001062376626060645,0.001407,0.0014565,0.001536,1000,0.00707,0.036598,0.008280606,0.002192146237996909,0.007646,0.007928,0.00819525,1000,4.106712,12.361274,4.2988087,0.590948327960914,4.1928685,4.2307465,4.26748275,1000,NaN,NaN,NaN,NaN,NaN,NaN,NaN,NaN,NaN,NaN,NaN,NaN,NaN,NaN,NaN,NaN,NaN,NaN,NaN,NaN,NaN,NaN,NaN,NaN,NaN,NaN,NaN,NaN,NaN,NaN,NaN,NaN,NaN,NaN,NaN,NaN,NaN,NaN,NaN,NaN,0.0,0.0,0.0,0.0,0.0,0.0,0.0,5
MatrixAssembly_assembledCG,0.000349,0.003146,0.00041652999999999997,0.00010700806091131639,0.000387,0.000402,0.000422,1000,16.72613,34.005773,17.172572339000002,1.157733434255924,16.94744525,17.118751,17.20070275,1000,0.277648,0.357291,0.28577986099999997,0.012742540220995146,0.27874075,0.2804165,0.28377525,1000,0.140661,0.1953,0.14484150599999998,0.008689542905352617,0.141477,0.1417985,0.142457,1000,14.684888,31.763001,15.047251436,1.1452796192519432,14.84990925,14.9970425,15.06983575,1000,1.584935,2.03266,1.684907609,0.07744472124851454,1.64068575,1.6640305,1.6977,1000,0.001693,0.022925,0.0020230070000000003,0.001052496708285114,0.001877,0.001934,0.001996,1000,0.008566,0.051105,0.009796593000000001,0.002303092117426266,0.0091775,0.0094475,0.0097745,1000,16.753616,34.082245,17.198420189,1.1617272604020614,16.97293875,17.1459645,17.2248665,1000,NaN,NaN,NaN,NaN,NaN,NaN,NaN,NaN,NaN,NaN,NaN,NaN,NaN,NaN,NaN,NaN,NaN,NaN,NaN,NaN,NaN,NaN,NaN,NaN,NaN,NaN,NaN,NaN,NaN,NaN,NaN,NaN,NaN,NaN,NaN,NaN,NaN,NaN,NaN,NaN,0.0,1.2,0.24,0.48000000000000004,0.0,0.0,0.0,5
MatrixAssembly_assembledCG_blocs,0.000356,0.00105,0.00042510700000000003,6.462431083578377e-05,0.000391,0.000411,0.000439,1000,6.358977,11.67375,6.605227548,0.3640207283185859,6.51098925,6.5756915,6.64595825,1000,0.276177,0.381092,0.284915052,0.01425341848818367,0.27739475,0.278,0.281663,1000,0.139313,0.263082,0.144615941,0.011319153018557486,0.14021375,0.1406085,0.14112,1000,4.913299,10.055303,5.115635087,0.34948033978001314,5.03689525,5.0863885,5.150859,1000,0.985986,1.298416,1.051090973,0.048512233334863805,1.0186715,1.041045,1.05147125,1000,0.001602,0.014809,0.001896792,0.0006163716839180722,0.001759,0.0018265,0.0019375,1000,0.008303,0.02908,0.009211730999999999,0.002063566264659073,0.008693,0.00886,0.00907225,1000,6.380236,11.746544,6.6296986129999995,0.3673971066795862,6.53483775,6.599504,6.66920775,1000,NaN,NaN,NaN,NaN,NaN,NaN,NaN,NaN,NaN,NaN,NaN,NaN,NaN,NaN,NaN,NaN,NaN,NaN,NaN,NaN,NaN,NaN,NaN,NaN,NaN,NaN,NaN,NaN,NaN,NaN,NaN,NaN,NaN,NaN,NaN,NaN,NaN,NaN,NaN,NaN,0.0,0.0,0.0,0.0,0.0,0.0,0.0,5
MatrixAssembly_direct,0.000631,0.011418,0.000778257,0.00035740817415246673,0.000722,0.000749,0.00079,1000,0.211622,44.052989,11.682690848,11.508773325910528,0.21790175,11.463156,23.10232425,2000,0.295517,0.392808,0.31054082299999997,0.01420619710054985,0.301526,0.3052845,0.31095725,1000,0.151547,0.225977,0.161970232,0.01064976654608804,0.15517275,0.159786,0.1634115,1000,14.750796,31.252228,15.112376698999999,1.1301923996252463,14.896396,15.07678,15.14506,1000,7.370426,12.654506,7.540394463,0.34187765412190757,7.447691,7.5261705,7.5623315,1000,0.002998,0.016872,0.003846861,0.0007383785761240637,0.003527,0.003811,0.00404825,1000,0.019657,0.055748,0.022567106,0.003155010204541976,0.02151825,0.0220985,0.022735,1000,22.687507,44.133779,23.194797517999998,1.4690879319676675,22.87191325,23.1530365,23.24448525,1000,NaN,NaN,NaN,NaN,NaN,NaN,NaN,NaN,NaN,NaN,NaN,NaN,NaN,NaN,NaN,NaN,NaN,NaN,NaN,NaN,NaN,NaN,NaN,NaN,NaN,NaN,NaN,NaN,NaN,NaN,NaN,NaN,NaN,NaN,NaN,NaN,NaN,NaN,NaN,NaN,0.0,0.0,0.0,0.0,0.0,0.0,0.0,5
MatrixAssembly_direct_blocs,0.000542,0.008902,0.0008440209999999999,0.0006986855462645553,0.000718,0.000758,0.000809,1000,0.211095,22.835992,6.729085358,6.5277723469211555,0.21558775,6.590653,13.207111,2000,0.290505,0.39711,0.309506075,0.015370237639521877,0.298715,0.3022455,0.31767525,1000,0.150317,0.247791,0.159865498,0.010585139837432285,0.153996,0.1565735,0.16108675,1000,4.992052,10.213425,5.2066622869999994,0.3499161529508471,5.12817475,5.172655,5.262693,1000,7.361795,12.176224,7.5440951,0.3345374644182293,7.44072425,7.540277,7.58335425,1000,0.002611,0.02495,0.00381715,0.0015390521873867695,0.003257,0.003597,0.00384625,1000,0.019384,0.057955,0.021875349,0.0027935810947955315,0.02085675,0.0213865,0.02196175,1000,12.918266,22.915848,13.28755967,0.6835660779869414,13.09332175,13.2577705,13.37050875,1000,NaN,NaN,NaN,NaN,NaN,NaN,NaN,NaN,NaN,NaN,NaN,NaN,NaN,NaN,NaN,NaN,NaN,NaN,NaN,NaN,NaN,NaN,NaN,NaN,NaN,NaN,NaN,NaN,NaN,NaN,NaN,NaN,NaN,NaN,NaN,NaN,NaN,NaN,NaN,NaN,0.0,0.0,0.0,0.0,0.0,0.0,0.0,5
MatrixAssembly_matrixfreeCG,0.000311,0.009248,0.000405012,0.00043571663940685114,0.00033775,0.0003475,0.000365,1000,5.534851,6.85293,5.881315316999999,0.2542466564128711,5.73442175,5.8192615,5.8868175,1000,0.276925,0.354916,0.284223529,0.011212520827144938,0.27789225,0.2793065,0.28312425,1000,0.138534,0.240436,0.143114348,0.009330961158256743,0.1395485,0.13986,0.140382,1000,0.000578,0.010795,0.0008647809999999999,0.0006214368455756385,0.000698,0.0007645,0.000864,1000,5.108909,6.405495,5.445107343999999,0.25240191415616814,5.29902975,5.3807665,5.449395,1000,0.001259,0.011716,0.001553055,0.0006859877316505011,0.001382,0.001422,0.00147625,1000,0.007502,0.028924,0.008221224000000001,0.001567913871940675,0.00781375,0.007959,0.0081975,1000,5.554036,6.873462,5.902077476,0.2546070572261645,5.755133,5.8401525,5.9087105,1000,NaN,NaN,NaN,NaN,NaN,NaN,NaN,NaN,NaN,NaN,NaN,NaN,NaN,NaN,NaN,NaN,NaN,NaN,NaN,NaN,NaN,NaN,NaN,NaN,NaN,NaN,NaN,NaN,NaN,NaN,NaN,NaN,NaN,NaN,NaN,NaN,NaN,NaN,NaN,NaN,0.0,0.0,0.0,0.0,0.0,0.0,0.0,5
FastTetrahedralCorotationalForceField,0.000979,0.007084,0.001176375,0.00021939759427805946,0.001103,0.0011435,0.001203,1000,8.425878,21.974087,9.328360791,0.800118469665561,9.05619775,9.250963,9.47619475,1000,0.317285,1.191428,0.69595844475,0.24555087579817741,0.498373,0.6585115,0.80078675,4000,0.282866,0.608709,0.394581496,0.05727102440226195,0.35336425,0.3771125,0.4245665,4000,0.621919,2.437078,0.77570020725,0.11825439047418408,0.697868,0.7554025,0.832127,4000,6.255289,18.586966,6.93535239975,0.6110068381492849,6.6313905,6.8284775,7.1158465,4000,0.007896,0.032334,0.009724083,0.002251116396837578,0.0089335,0.009253,0.00967125,1000,0.048369,0.094549,0.053226143,0.005785140344585514,0.0501445,0.0509255,0.05317075,1000,8.521811,22.271431,9.437147233,0.8103720382210214,9.16272825,9.3576215,9.580589,1000,NaN,NaN,NaN,NaN,NaN,NaN,NaN,NaN,NaN,NaN,NaN,NaN,NaN,NaN,NaN,NaN,NaN,NaN,NaN,NaN,NaN,NaN,NaN,NaN,NaN,NaN,NaN,NaN,NaN,NaN,NaN,NaN,NaN,NaN,NaN,NaN,NaN,NaN,NaN,NaN,0.0,1.2,0.24,0.48000000000000004,0.0,0.0,0.0,5
HexahedronFEMForceField,0.102465,2.705601,0.123880063,0.17917613863919776,0.10693975,0.108483,0.111637,1000,1.281319,2.851384,1.374057624,0.10703084339958564,1.3478385,1.370106,1.39065475,1000,0.051438,0.102282,0.05699629,0.0068134377543131635,0.055892,0.056049,0.056342,1000,0.043552,0.081352,0.047746312,0.005869639458830158,0.046632,0.046835,0.04700625,1000,0.68494,2.123464,0.7301622830000001,0.0980998340393342,0.711302,0.7181935,0.7400415,1000,0.48938,0.641121,0.531785097,0.022227918062598464,0.52292925,0.525695,0.5485855,1000,0.001375,0.011703,0.001541326,0.00045863110636327315,0.001473,0.001505,0.00154125,1000,0.028093,0.077168,0.031080352999999998,0.004116630415083555,0.0296275,0.03033,0.0311145,1000,1.42696,5.63444,1.5416508759999998,0.2851150265872506,1.499235,1.524125,1.54746475,1000,NaN,NaN,NaN,NaN,NaN,NaN,NaN,NaN,NaN,NaN,NaN,NaN,NaN,NaN,NaN,NaN,NaN,NaN,NaN,NaN,NaN,NaN,NaN,NaN,NaN,NaN,NaN,NaN,NaN,NaN,NaN,NaN,NaN,NaN,NaN,NaN,NaN,NaN,NaN,NaN,0.0,6.0,1.2,2.4,0.0,0.0,0.0,5
TetrahedronFEMForceField,0.00073,0.011531,0.0008985660000000001,0.00038212985442647633,0.000815,0.0008615,0.000911,1000,11.808859,12.880781,12.119874433,0.13597483543780264,12.01126875,12.14056,12.224638,1000,0.104603,0.765775,0.4017567835,0.24295350277214905,0.19886275,0.4357975,0.6407335,4000,0.083272,0.192744,0.10191180575,0.011779057476577526,0.102325,0.1039865,0.105205,4000,0.000648,0.019975,0.00126462825,0.0012384067213770836,0.00088,0.000977,0.00121425,4000,2.097826,3.23744,2.516993758,0.21317592258807147,2.4949805,2.6202275,2.65047425,4000,0.004216,0.01809,0.005107386,0.0009480360209422424,0.00478975,0.0050005,0.005243,1000,0.038375,0.082818,0.042116711,0.004468584403307047,0.0406825,0.0414025,0.042075,1000,13.435416,14.712517,13.84787223,0.1810751730481821,13.71131925,13.874897,13.99404425,1000,NaN,NaN,NaN,NaN,NaN,NaN,NaN,NaN,NaN,NaN,NaN,NaN,NaN,NaN,NaN,NaN,NaN,NaN,NaN,NaN,NaN,NaN,NaN,NaN,NaN,NaN,NaN,NaN,NaN,NaN,NaN,NaN,NaN,NaN,NaN,NaN,NaN,NaN,NaN,NaN,0.0,0.0,0.0,0.0,0.0,0.0,0.0,5
